VehicleName	TimeStamp	POS_X	POS_Y	POS_Z	Q_W	Q_X	Q_Y	Q_Z	ImageFile
PX4	1726962106112	-0.0859381	-0.0884584	-2.83123	0.999988	0.000118479	-0.00453876	0.00159355	img_PX4__0_1726962106110372500.png
PX4	1726962106953	-0.132811	-0.167176	-5.46692	0.99992	0.00708	-0.0102559	0.00215091	img_PX4__0_1726962106950954700.png
PX4	1726962107770	-0.0577379	-0.160744	-7.95917	0.999971	0.0062529	-0.00364309	0.00247957	img_PX4__0_1726962107766457200.png
PX4	1726962108696	0.0700363	-0.0668651	-10.7337	0.999958	-0.00160785	0.00871405	0.00254691	img_PX4__0_1726962108692891700.png
PX4	1726962109822	0.0503737	-0.000732824	-14.0709	0.999942	-0.00817138	0.00641611	0.00294469	img_PX4__0_1726962109814478500.png
PX4	1726962110916	-0.0985475	-0.0957745	-17.3245	0.999966	0.000879543	-0.00740821	0.00337608	img_PX4__0_1726962110911802100.png
PX4	1726962111908	-0.115455	-0.172224	-20.2786	0.999928	0.00844384	-0.00765037	0.00376298	img_PX4__0_1726962111901447900.png
PX4	1726962113135	0.024652	-0.0845128	-23.9421	0.999978	-0.000391288	0.00534702	0.00386575	img_PX4__0_1726962113131266000.png
PX4	1726962114349	0.0478649	-0.00894255	-27.5701	0.999945	-0.00780277	0.00576658	0.00393897	img_PX4__0_1726962114344937500.png
PX4	1726962115694	-0.08072	-0.122696	-31.595	0.99997	0.00377009	-0.00533209	0.00417801	img_PX4__0_1726962115689039100.png
PX4	1726962117180	4.09761	-2.69056	-33.9971	0.925483	-0.19315	-0.31868	-0.0679484	img_PX4__0_1726962117176729000.png
PX4	1726962118305	14.5351	-9.69321	-33.134	0.991669	-0.0678434	-0.0940898	-0.0560056	img_PX4__0_1726962118300576700.png
PX4	1726962119278	25.2663	-17.3413	-33.4283	0.998975	0.0164675	-0.00365234	-0.0419945	img_PX4__0_1726962119273579200.png
PX4	1726962121319	45.7776	-31.5809	-34.1552	0.99918	-0.00174219	-0.0156598	-0.0372963	img_PX4__0_1726962121311258000.png
PX4	1726962122792	59.4658	-40.9518	-33.9276	0.998405	-0.0172085	-0.0386104	-0.0374224	img_PX4__0_1726962122788238000.png
PX4	1726962124294	73.6868	-50.6686	-33.8918	0.99817	-0.0189372	-0.0432493	-0.0377911	img_PX4__0_1726962124288832100.png
PX4	1726962125914	89.5074	-61.432	-33.9683	0.998484	-0.014886	-0.0370597	-0.037887	img_PX4__0_1726962125909937900.png
PX4	1726962127718	107.276	-73.4888	-34.0172	0.998634	-0.0135744	-0.0331132	-0.0380846	img_PX4__0_1726962127710981300.png
PX4	1726962129357	123.36	-84.4241	-33.9916	0.998557	-0.0141295	-0.0346636	-0.0385008	img_PX4__0_1726962129352765500.png
PX4	1726962131033	139.826	-95.6438	-33.9693	0.998556	-0.0144293	-0.0342012	-0.0388436	img_PX4__0_1726962131029502100.png
PX4	1726962132672	155.895	-106.62	-33.9694	0.998544	-0.0138894	-0.0344797	-0.0390966	img_PX4__0_1726962132668563700.png
PX4	1726962134262	171.465	-117.255	-33.9793	0.99853	-0.0141788	-0.0343863	-0.0394192	img_PX4__0_1726962134258798400.png
PX4	1726962135925	187.77	-128.4	-33.9933	0.99853	-0.0136383	-0.0343212	-0.0396843	img_PX4__0_1726962135920299700.png
PX4	1726962137709	205.268	-140.361	-33.9948	0.998505	-0.0140033	-0.0344244	-0.0400899	img_PX4__0_1726962137705428500.png
PX4	1726962139411	221.937	-151.768	-33.9859	0.998498	-0.014127	-0.0341522	-0.040455	img_PX4__0_1726962139406525200.png
PX4	1726962141114	238.613	-163.189	-33.9736	0.998474	-0.0138294	-0.03479	-0.0405842	img_PX4__0_1726962141110964000.png
PX4	1726962142855	255.639	-174.858	-33.969	0.998471	-0.0138493	-0.0346227	-0.0408111	img_PX4__0_1726962142851223800.png
PX4	1726962144550	272.258	-186.204	-33.9779	0.998466	-0.0140364	-0.0344715	-0.0409978	img_PX4__0_1726962144545720400.png
PX4	1726962146183	288.283	-197.182	-33.9864	0.998456	-0.0138713	-0.0345501	-0.0412371	img_PX4__0_1726962146178454800.png
PX4	1726962147878	304.869	-208.542	-33.9924	0.998447	-0.0133237	-0.0348142	-0.0414141	img_PX4__0_1726962147873849500.png
PX4	1726962149576	321.519	-219.929	-33.9936	0.998441	-0.0141754	-0.0345942	-0.0414524	img_PX4__0_1726962149572925300.png
PX4	1726962151249	337.938	-231.169	-33.9888	0.998428	-0.0138829	-0.0349884	-0.0415315	img_PX4__0_1726962151245176800.png
PX4	1726962152972	354.848	-242.742	-33.9786	0.998425	-0.0138103	-0.0348254	-0.0417497	img_PX4__0_1726962152968003100.png
PX4	1726962154647	371.296	-254	-33.9781	0.998431	-0.0134782	-0.0346384	-0.0418788	img_PX4__0_1726962154642864400.png
PX4	1726962156245	386.975	-264.724	-33.982	0.998419	-0.0140022	-0.0346994	-0.0419426	img_PX4__0_1726962156242126300.png
PX4	1726962157904	403.267	-275.878	-33.9797	0.998409	-0.014018	-0.0348404	-0.0420627	img_PX4__0_1726962157900691100.png
PX4	1726962159709	420.982	-288.015	-33.9741	0.998412	-0.0138202	-0.0348655	-0.0420351	img_PX4__0_1726962159705527500.png
PX4	1726962161661	440.175	-301.161	-33.9756	0.9984	-0.01415	-0.0349388	-0.0421601	img_PX4__0_1726962161656709500.png
PX4	1726962163836	461.534	-315.784	-33.9846	0.998396	-0.0141685	-0.0350147	-0.0421659	img_PX4__0_1726962163826924300.png
PX4	1726962165595	478.857	-327.644	-33.9812	0.998409	-0.0138842	-0.0348598	-0.0420886	img_PX4__0_1726962165590655100.png
PX4	1726962167512	497.71	-340.545	-33.9695	0.998394	-0.0140708	-0.0350454	-0.0422288	img_PX4__0_1726962167506038300.png
PX4	1726962169497	517.215	-353.912	-33.9696	0.998402	-0.013704	-0.0348563	-0.0423277	img_PX4__0_1726962169488885200.png
PX4	1726962171218	534.147	-365.482	-33.974	0.998393	-0.0136156	-0.0350569	-0.042384	img_PX4__0_1726962171213304600.png
PX4	1726962173730	558.884	-382.413	-33.9744	0.998376	-0.0144013	-0.0353908	-0.0422672	img_PX4__0_1726962173718530200.png
PX4	1726962176009	581.337	-397.793	-33.922	0.998353	-0.0141725	-0.0358946	-0.0424473	img_PX4__0_1726962176001383100.png
PX4	1726962178191	602.834	-412.505	-33.8828	0.998399	-0.0133838	-0.0348342	-0.0425041	img_PX4__0_1726962178183387300.png
PX4	1726962180391	624.505	-427.322	-33.9537	0.998357	-0.0146983	-0.035599	-0.0424343	img_PX4__0_1726962180381824100.png
PX4	1726962182063	640.986	-438.632	-33.9699	0.998397	-0.0138077	-0.0348961	-0.0423782	img_PX4__0_1726962182058367400.png
PX4	1726962183341	653.625	-447.267	-33.9736	0.998403	-0.0135683	-0.0349346	-0.042266	img_PX4__0_1726962183337527000.png
PX4	1726962184832	668.299	-457.31	-33.966	0.998382	-0.0142559	-0.035271	-0.0422723	img_PX4__0_1726962184828379200.png
PX4	1726962186208	681.887	-466.615	-33.9522	0.998404	-0.013904	-0.0348209	-0.0422257	img_PX4__0_1726962186204804800.png
PX4	1726962187599	695.588	-476.002	-33.9439	0.998398	-0.0139878	-0.0350459	-0.0421657	img_PX4__0_1726962187595784500.png
PX4	1726962188980	709.205	-485.334	-33.935	0.998416	-0.0135739	-0.0348448	-0.0420425	img_PX4__0_1726962188976855800.png
PX4	1726962190373	722.929	-494.731	-33.9333	0.99844	-0.0134442	-0.0343245	-0.041946	img_PX4__0_1726962190368268300.png
PX4	1726962191792	736.904	-504.294	-33.9369	0.998359	-0.0148239	-0.0361454	-0.0418756	img_PX4__0_1726962191786870400.png
PX4	1726962193374	752.523	-514.993	-33.9406	0.998406	-0.014449	-0.0352937	-0.0416051	img_PX4__0_1726962193370125000.png
PX4	1726962195090	769.464	-526.601	-33.9465	0.998422	-0.0139728	-0.0350588	-0.0415858	img_PX4__0_1726962195085237600.png
PX4	1726962196760	785.976	-537.907	-33.9449	0.99843	-0.0138186	-0.0347909	-0.041675	img_PX4__0_1726962196753755300.png
PX4	1726962198252	800.7	-547.988	-33.9324	0.998411	-0.0140159	-0.0352573	-0.041659	img_PX4__0_1726962198247526500.png
PX4	1726962199831	816.257	-558.647	-33.9175	0.99842	-0.0140452	-0.0351732	-0.0414984	img_PX4__0_1726962199825262200.png
PX4	1726962201236	830.156	-568.175	-33.9205	0.998444	-0.0140012	-0.034689	-0.0413622	img_PX4__0_1726962201231139500.png
PX4	1726962202775	845.351	-578.599	-33.9323	0.998434	-0.013497	-0.0353062	-0.0412438	img_PX4__0_1726962202770565100.png
PX4	1726962204239	859.783	-588.485	-33.9367	0.99843	-0.0141042	-0.0351421	-0.0412724	img_PX4__0_1726962204233799400.png
PX4	1726962205595	873.178	-597.665	-33.9322	0.998435	-0.014107	-0.0350094	-0.0412631	img_PX4__0_1726962205589858700.png
PX4	1726962206903	886.1	-606.524	-33.9261	0.998421	-0.014154	-0.0354038	-0.0412551	img_PX4__0_1726962206899134100.png
PX4	1726962208220	899.118	-615.448	-33.9152	0.998438	-0.0136548	-0.0351992	-0.0411862	img_PX4__0_1726962208215706500.png
PX4	1726962209581	912.552	-624.65	-33.9043	0.998444	-0.0148207	-0.034613	-0.0411232	img_PX4__0_1726962209575016800.png
PX4	1726962210818	924.762	-633.036	-33.9006	0.998458	-0.0141843	-0.0346532	-0.0409847	img_PX4__0_1726962210814562700.png
PX4	1726962212012	936.548	-641.139	-33.9017	0.998441	-0.0141625	-0.0351974	-0.0409394	img_PX4__0_1726962212008300700.png
PX4	1726962213258	948.849	-649.581	-33.903	0.998443	-0.0136777	-0.0352918	-0.0409675	img_PX4__0_1726962213251782400.png
PX4	1726962214428	960.412	-657.506	-33.9013	0.998451	-0.0148465	-0.0345381	-0.0410165	img_PX4__0_1726962214424333600.png
PX4	1726962215514	971.137	-664.88	-33.899	0.998444	-0.0157105	-0.0342995	-0.0410743	img_PX4__0_1726962215508860200.png
PX4	1726962216538	979.94	-670.911	-34.1583	0.935044	0.189866	0.294032	-0.0564584	img_PX4__0_1726962216534715000.png
PX4	1726962217328	982.44	-672.784	-33.9962	0.909801	0.0819687	0.406656	-0.0131706	img_PX4__0_1726962217324954400.png
PX4	1726962218132	979.094	-673.208	-32.9957	0.909093	0.0408908	0.414576	0.00211455	img_PX4__0_1726962218129360800.png
PX4	1726962219362	964.031	-672.634	-31.8315	0.9973	0.0234601	0.0695722	0.00123414	img_PX4__0_1726962219357288700.png
PX4	1726962220818	944.031	-670.932	-34.1721	0.999552	-0.0128949	-0.0269114	-0.00252022	img_PX4__0_1726962220813027500.png
PX4	1726962222278	926.769	-669.5	-34.5903	0.99941	-0.0207798	0.0273502	-0.000856406	img_PX4__0_1726962222273976200.png
PX4	1726962223910	908.421	-668.778	-33.7872	0.998592	-0.00417368	0.0528769	-0.000160107	img_PX4__0_1726962223901453900.png
PX4	1726962225127	894.365	-668.443	-33.6986	0.998246	-0.00922529	0.0584746	-0.000547757	img_PX4__0_1726962225123200500.png
PX4	1726962226607	876.833	-668.383	-33.8305	0.998636	-0.00714915	0.0516813	-0.00212454	img_PX4__0_1726962226602105200.png
PX4	1726962227873	861.616	-668.577	-33.8777	0.998889	-0.00178111	0.0469468	-0.00376849	img_PX4__0_1726962227869542900.png
PX4	1726962229278	844.755	-668.867	-33.8687	0.998923	0.00140068	0.0460682	-0.00543476	img_PX4__0_1726962229275127000.png
PX4	1726962230671	828.079	-669.125	-33.8493	0.998872	0.00161632	0.046938	-0.00694194	img_PX4__0_1726962230666156200.png
PX4	1726962231834	814.137	-669.301	-33.846	0.998831	0.00125181	0.0476247	-0.00813451	img_PX4__0_1726962231829062200.png
PX4	1726962233027	799.864	-669.461	-33.8549	0.998821	0.00034863	0.0476245	-0.00939562	img_PX4__0_1726962233022912700.png
PX4	1726962234440	782.917	-669.633	-33.8726	0.998832	0.000983296	0.0470036	-0.0111893	img_PX4__0_1726962234434072800.png
PX4	1726962235867	765.83	-669.793	-33.883	0.998819	0.00134942	0.0467733	-0.0130836	img_PX4__0_1726962235859977900.png
PX4	1726962237321	748.406	-669.929	-33.896	0.998801	0.00119158	0.0466083	-0.0148997	img_PX4__0_1726962237315397800.png
PX4	1726962238684	732.126	-670.038	-33.9048	0.998754	0.00134623	0.0470787	-0.0165133	img_PX4__0_1726962238677275400.png
PX4	1726962240242	713.458	-670.133	-33.9025	0.998699	0.00135387	0.0475166	-0.0184858	img_PX4__0_1726962240236767900.png
PX4	1726962241876	693.883	-670.224	-33.8929	0.998676	0.0012291	0.0471082	-0.0206352	img_PX4__0_1726962241868986700.png
PX4	1726962243622	672.959	-670.295	-33.894	0.998644	0.00104276	0.0467497	-0.0228811	img_PX4__0_1726962243613279100.png
PX4	1726962245080	655.5	-670.354	-33.9061	0.998586	0.00101609	0.0469875	-0.0248274	img_PX4__0_1726962245076517300.png
PX4	1726962246576	637.607	-670.415	-33.9198	0.998545	0.00151795	0.046807	-0.026722	img_PX4__0_1726962246570624000.png
PX4	1726962248119	619.133	-670.478	-33.9202	0.998458	0.00139208	0.0474535	-0.0287761	img_PX4__0_1726962248114083700.png
PX4	1726962249656	600.723	-670.516	-33.9087	0.998443	0.00119132	0.0465708	-0.0306749	img_PX4__0_1726962249649809600.png
PX4	1726962251196	582.245	-670.564	-33.8976	0.998357	0.001427	0.047123	-0.0325786	img_PX4__0_1726962251191012800.png
PX4	1726962252925	561.572	-670.618	-33.8963	0.998275	0.00183575	0.0472772	-0.0347763	img_PX4__0_1726962252920405300.png
PX4	1726962254477	542.97	-670.65	-33.9112	0.998233	0.00136457	0.0468559	-0.0365306	img_PX4__0_1726962254471931700.png
PX4	1726962256048	524.119	-670.682	-33.9257	0.998156	0.00148275	0.0470295	-0.0383525	img_PX4__0_1726962256044749200.png
PX4	1726962257771	503.472	-670.731	-33.9327	0.998094	0.00220819	0.046586	-0.0404062	img_PX4__0_1726962257767222900.png
PX4	1726962259406	483.884	-670.764	-33.9416	0.99801	0.00110046	0.0468921	-0.0421484	img_PX4__0_1726962259399814500.png
PX4	1726962261095	463.658	-670.799	-33.8676	0.997907	0.00168901	0.0474788	-0.043879	img_PX4__0_1726962261090781400.png
PX4	1726962262681	444.589	-670.831	-33.8788	0.99791	0.00144651	0.0458936	-0.0454724	img_PX4__0_1726962262676693900.png
PX4	1726962264222	426.137	-670.862	-33.928	0.99781	0.00183232	0.0464399	-0.0470751	img_PX4__0_1726962264218918900.png
PX4	1726962266272	401.579	-670.904	-33.9519	0.997682	0.0018739	0.0471979	-0.0489931	img_PX4__0_1726962266261973100.png
PX4	1726962267518	386.629	-670.92	-33.9561	0.99766	0.00183761	0.0464854	-0.0500999	img_PX4__0_1726962267513567700.png
PX4	1726962269025	368.591	-670.939	-33.9574	0.997572	0.00134083	0.046915	-0.0514606	img_PX4__0_1726962269017818200.png
PX4	1726962270359	352.588	-670.966	-33.955	0.997514	0.00200938	0.0466974	-0.0527375	img_PX4__0_1726962270354024100.png
PX4	1726962271502	338.876	-670.989	-33.9514	0.997466	0.00216233	0.0466624	-0.0536573	img_PX4__0_1726962271498661600.png
PX4	1726962272819	323.121	-671.016	-33.9442	0.997414	0.00192858	0.046754	-0.0545497	img_PX4__0_1726962272815433700.png
PX4	1726962274173	306.856	-671.038	-33.9393	0.997357	0.00217189	0.0468617	-0.0554743	img_PX4__0_1726962274169835000.png
PX4	1726962275514	290.81	-671.038	-33.9445	0.997307	0.0018548	0.0468285	-0.0564059	img_PX4__0_1726962275509636400.png
PX4	1726962276840	274.899	-671.055	-33.9584	0.997282	0.00158862	0.0463185	-0.0572799	img_PX4__0_1726962276836550100.png
PX4	1726962278170	258.955	-671.082	-33.9707	0.99723	0.00272882	0.0462524	-0.0581786	img_PX4__0_1726962278164849600.png
PX4	1726962279733	240.204	-671.091	-33.9692	0.997162	0.00214608	0.0465291	-0.0591455	img_PX4__0_1726962279726480100.png
PX4	1726962281140	223.372	-671.091	-33.9586	0.997131	0.00175704	0.0462633	-0.0598848	img_PX4__0_1726962281134655000.png
PX4	1726962282791	203.584	-671.091	-33.9466	0.997052	0.00175825	0.0469591	-0.0606558	img_PX4__0_1726962282785879100.png
PX4	1726962284428	183.929	-671.095	-33.9447	0.997032	0.00195165	0.0465129	-0.0613147	img_PX4__0_1726962284423496600.png
PX4	1726962286135	163.462	-671.117	-33.9542	0.996981	0.00253428	0.0466768	-0.0620009	img_PX4__0_1726962286130013900.png
PX4	1726962287956	141.636	-671.117	-33.9626	0.996945	0.00227123	0.0464524	-0.0627491	img_PX4__0_1726962287951562200.png
PX4	1726962289704	120.68	-671.088	-33.9718	0.996913	0.00192712	0.0462192	-0.0634357	img_PX4__0_1726962289699283200.png
PX4	1726962291394	100.381	-671.069	-33.9687	0.996872	0.00193393	0.0464408	-0.0639169	img_PX4__0_1726962291387678800.png
PX4	1726962292793	83.6124	-671.063	-33.9687	0.996829	0.00245558	0.0468145	-0.0643004	img_PX4__0_1726962292787916800.png
PX4	1726962294122	67.6634	-671.036	-33.9658	0.99682	0.00174328	0.0466791	-0.0645524	img_PX4__0_1726962294117345500.png
PX4	1726962295623	49.6566	-671.016	-33.9603	0.996814	0.00143728	0.0463888	-0.0648646	img_PX4__0_1726962295614742700.png
PX4	1726962297063	32.3946	-671.016	-33.9487	0.99681	0.00214004	0.0462429	-0.0650137	img_PX4__0_1726962297058138300.png
PX4	1726962298369	16.7114	-671.011	-33.9424	0.996784	0.00286798	0.0465298	-0.0651817	img_PX4__0_1726962298359628400.png
PX4	1726962299574	2.70202	-671.017	-34.0443	0.957067	-0.00268396	-0.28282	-0.0634783	img_PX4__0_1726962299543998500.png
PX4	1726962300592	-3.50261	-671.455	-34.1747	0.994426	0.0133913	-0.0240855	-0.101776	img_PX4__0_1726962300587819000.png
PX4	1726962301419	-5.98696	-671.784	-33.5448	0.861499	0.110523	-0.0848906	-0.48826	img_PX4__0_1726962301414792400.png
PX4	1726962302242	-6.86872	-671.489	-32.4928	0.625085	0.0726374	0.0152938	-0.777019	img_PX4__0_1726962302238019800.png
PX4	1726962303445	-7.26465	-669.973	-31.0924	0.268227	-0.0548915	-0.0311102	-0.961287	img_PX4__0_1726962303441977700.png
PX4	1726962305158	-9.15042	-670.323	-29.9736	-0.0317709	0.0354259	-0.0239642	-0.99858	img_PX4__0_1726962305152044500.png
PX4	1726962306953	-9.73123	-672.122	-27.8697	0.0234269	0.0229479	0.0735312	-0.996754	img_PX4__0_1726962306946908500.png
PX4	1726962308657	-9.10544	-670.723	-25.1217	0.0380196	-0.0176834	-0.0380794	-0.998395	img_PX4__0_1726962308652494900.png
PX4	1726962310568	-9.16047	-670.86	-22.5291	0.0330894	-0.00129688	-0.00587685	-0.999434	img_PX4__0_1726962310561655600.png
PX4	1726962312638	-9.38452	-671.479	-19.933	0.0360041	0.00814353	0.0265337	-0.998966	img_PX4__0_1726962312632907300.png
PX4	1726962314493	-9.17174	-670.667	-17.0691	0.0353899	-0.00144553	-0.0282594	-0.998973	img_PX4__0_1726962314486764900.png
PX4	1726962316395	-9.0275	-671.135	-14.4951	0.0359643	-0.00824695	0.0106703	-0.999262	img_PX4__0_1726962316390098600.png
PX4	1726962318375	-9.32351	-671.195	-11.756	0.0382147	0.010506	0.00811416	-0.999181	img_PX4__0_1726962318368938400.png
PX4	1726962320071	-9.17683	-670.785	-9.17947	0.0373093	0.000577313	-0.0173253	-0.999153	img_PX4__0_1726962320064702400.png
PX4	1726962321936	-8.99931	-671.125	-6.64106	0.0373376	-0.00978818	0.00798454	-0.999223	img_PX4__0_1726962321929961400.png
PX4	1726962323636	-9.26878	-671.18	-4.23745	0.0386877	0.00853581	0.00772388	-0.999185	img_PX4__0_1726962323630505500.png
PX4	1726962325139	-9.24106	-670.898	-2.10266	0.0383129	0.00485414	-0.0105216	-0.999199	img_PX4__0_1726962325134379100.png
PX4	1726962326625	-9.02665	-670.966	-0.61152	0.0374475	-0.00916904	-0.00345593	-0.999251	img_PX4__0_1726962326619546300.png
PX4	1726962328097	-9.11093	-671.177	0.462869	0.0374939	-0.00205989	0.00984864	-0.999246	img_PX4__0_1726962328090151500.png
PX4	1726962329552	-9.27882	-671.07	1.44636	0.0383898	0.00836941	0.00113574	-0.999227	img_PX4__0_1726962329545440500.png
PX4	1726962330977	-9.17955	-670.907	2.43372	0.0375424	0.000940437	-0.00887411	-0.999255	img_PX4__0_1726962330972911900.png
PX4	1726962332391	-9.04404	-671.021	3.38739	0.0367113	-0.00754416	-0.000574313	-0.999297	img_PX4__0_1726962332385507200.png
PX4	1726962333737	-9.13363	-671.161	4.28894	0.0367842	-0.00088039	0.0078948	-0.999292	img_PX4__0_1726962333733243900.png
PX4	1726962334999	-9.25103	-671.084	5.17484	0.0366705	0.00681151	0.00168267	-0.999303	img_PX4__0_1726962334992429300.png
PX4	1726962336357	-9.24921	-671.027	5.50428	0.0361036	0	0	-0.999348	img_PX4__0_1726962336350610000.png
PX4	1726962337527	-9.24977	-671.027	5.50534	0.0357683	0	0	-0.99936	img_PX4__0_1726962337519954300.png
PX4	1726962338687	-9.24977	-671.027	5.50534	0.0357683	0	0	-0.99936	img_PX4__0_1726962338680405900.png
PX4	1726962339889	-9.24977	-671.027	5.50534	0.0357683	0	0	-0.99936	img_PX4__0_1726962339884105800.png
PX4	1726962341476	-9.24977	-671.027	5.50534	0.0357683	0	0	-0.99936	img_PX4__0_1726962341466633500.png
