VehicleName	TimeStamp	POS_X	POS_Y	POS_Z	Q_W	Q_X	Q_Y	Q_Z	ImageFile
PX4	1726960220557	-0.0286281	-0.169038	-3.13257	0.999964	0.00382736	-0.00691198	0.00299871	img_PX4__0_1726960220554993100.png
PX4	1726960221252	-0.0163358	-0.283739	-5.30493	0.999864	0.0150615	-0.00564536	0.0036234	img_PX4__0_1726960221250499200.png
PX4	1726960222098	0.0628765	-0.245954	-7.87263	0.999933	0.0108299	0.000871369	0.00393341	img_PX4__0_1726960222094571000.png
PX4	1726960222969	0.130739	-0.0656969	-10.482	0.999949	-0.00640847	0.00676423	0.00393665	img_PX4__0_1726960222966901500.png
PX4	1726960223790	0.113663	0.0284969	-12.9108	0.999855	-0.0160699	0.00383555	0.00410616	img_PX4__0_1726960223787367400.png
PX4	1726960224561	0.0515736	-0.0558246	-15.1952	0.999965	-0.00704772	-0.00135478	0.00435279	img_PX4__0_1726960224558825500.png
PX4	1726960225255	0.00657754	-0.203239	-17.2635	0.999955	0.00714977	-0.00428894	0.00453197	img_PX4__0_1726960225253076000.png
PX4	1726960226139	0.000247215	-0.288253	-19.8919	0.999874	0.015041	-0.00212872	0.00466247	img_PX4__0_1726960226136788100.png
PX4	1726960227167	0.0334626	-0.139075	-22.9549	0.999989	0.000968564	-0.000750426	0.00460381	img_PX4__0_1726960227164339800.png
PX4	1726960228278	0.0893007	0.0260241	-26.2863	0.999872	-0.0153475	0.000588977	0.00441763	img_PX4__0_1726960228275109300.png
PX4	1726960229281	0.125405	-0.0900524	-29.2877	0.999972	-0.00426212	0.00430937	0.00431221	img_PX4__0_1726960229278748600.png
PX4	1726960230293	0.0853051	-0.280157	-32.3194	0.999911	0.012598	-0.00203496	0.00397677	img_PX4__0_1726960230290249900.png
PX4	1726960231445	3.04364	-2.1996	-34.3635	0.919279	-0.194753	-0.335989	-0.0641087	img_PX4__0_1726960231441880700.png
PX4	1726960232303	9.93936	-6.75657	-33.7661	0.975609	-0.113862	-0.177259	-0.061665	img_PX4__0_1726960232299783100.png
PX4	1726960233255	20.2503	-13.8652	-33.5252	0.998366	-0.012925	-0.0372799	-0.0413227	img_PX4__0_1726960233251561100.png
PX4	1726960234632	35.0174	-24.0443	-34.3411	0.999174	0.0183482	0.0171802	-0.0319433	img_PX4__0_1726960234629116600.png
PX4	1726960236420	51.93	-35.7158	-34.362	0.999138	-0.00896246	-0.0271889	-0.0300598	img_PX4__0_1726960236413912000.png
PX4	1726960238091	67.4038	-46.2364	-34.1981	0.998371	-0.0147455	-0.0459699	-0.030402	img_PX4__0_1726960238087299000.png
PX4	1726960239713	83.0945	-56.5821	-34.2716	0.998467	-0.0208801	-0.0408769	-0.0309323	img_PX4__0_1726960239708722900.png
PX4	1726960241503	100.812	-68.4048	-34.3369	0.998807	-0.0171796	-0.0334754	-0.0311239	img_PX4__0_1726960241499375800.png
PX4	1726960243382	119.363	-81.0216	-34.3213	0.998827	-0.0147378	-0.0333131	-0.0318877	img_PX4__0_1726960243376061700.png
PX4	1726960245095	136.221	-92.5587	-34.2964	0.998778	-0.0148098	-0.033898	-0.0327823	img_PX4__0_1726960245070544100.png
PX4	1726960246749	152.495	-103.723	-34.2855	0.998751	-0.0145467	-0.0339219	-0.0336872	img_PX4__0_1726960246743232900.png
PX4	1726960248201	166.733	-113.507	-34.2808	0.998728	-0.0145568	-0.0334626	-0.0348072	img_PX4__0_1726960248195731000.png
PX4	1726960249582	180.299	-122.847	-34.279	0.998689	-0.0140138	-0.0338236	-0.0357817	img_PX4__0_1726960249579543700.png
PX4	1726960251013	194.292	-132.486	-34.2751	0.998641	-0.0140827	-0.0339868	-0.0369115	img_PX4__0_1726960251009852600.png
PX4	1726960252521	209.065	-142.673	-34.2695	0.998588	-0.0137226	-0.0342959	-0.0381796	img_PX4__0_1726960252518644000.png
PX4	1726960254095	224.455	-153.272	-34.2719	0.998545	-0.0135957	-0.0341734	-0.039432	img_PX4__0_1726960254091898800.png
PX4	1726960255887	242.009	-165.344	-34.2815	0.998471	-0.0138874	-0.0346095	-0.040806	img_PX4__0_1726960255882932700.png
PX4	1726960257483	257.638	-176.088	-34.2837	0.998415	-0.0138804	-0.0344934	-0.042241	img_PX4__0_1726960257478531200.png
PX4	1726960258836	270.882	-185.196	-34.2778	0.998352	-0.0142548	-0.0347416	-0.0433879	img_PX4__0_1726960258832477700.png
PX4	1726960260145	283.691	-194.009	-34.2704	0.998307	-0.0135853	-0.0349763	-0.0444505	img_PX4__0_1726960260141369800.png
PX4	1726960261621	298.147	-203.94	-34.2573	0.998265	-0.0136131	-0.0346167	-0.0456476	img_PX4__0_1726960261617914100.png
PX4	1726960263166	313.276	-214.337	-34.2456	0.998195	-0.0138983	-0.0349392	-0.0468376	img_PX4__0_1726960263162071500.png
PX4	1726960264928	330.489	-226.182	-34.2429	0.99812	-0.013619	-0.0353614	-0.0481834	img_PX4__0_1726960264922530200.png
PX4	1726960266493	345.832	-236.733	-34.2547	0.998071	-0.0132457	-0.0351692	-0.049423	img_PX4__0_1726960266489784300.png
PX4	1726960267845	359.091	-245.84	-34.2672	0.998022	-0.0131995	-0.0350381	-0.0504984	img_PX4__0_1726960267841108100.png
PX4	1726960269289	373.242	-255.554	-34.2664	0.997976	-0.013782	-0.0348032	-0.0514021	img_PX4__0_1726960269286237200.png
PX4	1726960270584	385.92	-264.267	-34.2556	0.997905	-0.0133093	-0.0358781	-0.0521678	img_PX4__0_1726960270581673200.png
PX4	1726960271942	399.25	-273.422	-34.244	0.997865	-0.0133578	-0.0354574	-0.0531965	img_PX4__0_1726960271937992000.png
PX4	1726960273382	413.361	-283.105	-34.2429	0.997812	-0.0133759	-0.0355424	-0.054125	img_PX4__0_1726960273379165600.png
PX4	1726960274963	428.89	-293.762	-34.2518	0.997757	-0.0131023	-0.0356792	-0.0550958	img_PX4__0_1726960274959739600.png
PX4	1726960276442	443.416	-303.727	-34.2594	0.997719	-0.0130819	-0.0353417	-0.0559974	img_PX4__0_1726960276437472500.png
PX4	1726960278063	459.317	-314.635	-34.2564	0.99766	-0.0133156	-0.0357352	-0.0567459	img_PX4__0_1726960278058857200.png
PX4	1726960279523	473.63	-324.456	-34.2439	0.9976	-0.0135703	-0.0362499	-0.0574088	img_PX4__0_1726960279520118100.png
PX4	1726960281113	489.257	-335.181	-34.2282	0.997563	-0.0127216	-0.0361127	-0.0583359	img_PX4__0_1726960281109217200.png
PX4	1726960282868	506.518	-347.003	-34.2295	0.997508	-0.0130048	-0.0360161	-0.0592542	img_PX4__0_1726960282864404600.png
PX4	1726960284636	523.875	-358.887	-34.2309	0.997461	-0.0132453	-0.0360025	-0.0600017	img_PX4__0_1726960284632758500.png
PX4	1726960286405	541.284	-370.821	-34.2285	0.997401	-0.012999	-0.0367931	-0.0605704	img_PX4__0_1726960286400583700.png
PX4	1726960288260	559.549	-383.328	-34.2313	0.997376	-0.0128397	-0.0365181	-0.0611791	img_PX4__0_1726960288254436900.png
PX4	1726960290091	577.59	-395.671	-34.2308	0.997349	-0.0134065	-0.0362041	-0.0616743	img_PX4__0_1726960290085017300.png
PX4	1726960291706	593.473	-406.553	-34.2231	0.997331	-0.0129354	-0.036203	-0.0620754	img_PX4__0_1726960291701471300.png
PX4	1726960293481	610.943	-418.518	-34.2083	0.997283	-0.0131519	-0.0366852	-0.0625124	img_PX4__0_1726960293477094200.png
PX4	1726960295146	627.358	-429.748	-34.1994	0.99729	-0.0127648	-0.0360604	-0.062845	img_PX4__0_1726960295136583200.png
PX4	1726960296722	642.879	-440.367	-34.2032	0.997236	-0.0132275	-0.0368134	-0.0631741	img_PX4__0_1726960296717030400.png
PX4	1726960297900	654.51	-448.329	-34.2093	0.99727	-0.0122983	-0.0361956	-0.0631832	img_PX4__0_1726960297896946500.png
PX4	1726960299086	666.196	-456.323	-34.2176	0.997253	-0.0123977	-0.0363696	-0.0633185	img_PX4__0_1726960299082571100.png
PX4	1726960300181	676.989	-463.701	-34.2221	0.997232	-0.01325	-0.0362032	-0.0635762	img_PX4__0_1726960300177232200.png
PX4	1726960301313	688.136	-471.327	-34.2215	0.997206	-0.0131231	-0.0366726	-0.0637362	img_PX4__0_1726960301309995800.png
PX4	1726960302436	699.196	-478.894	-34.2137	0.997196	-0.0127439	-0.0367309	-0.0639489	img_PX4__0_1726960302433691300.png
PX4	1726960303938	713.999	-489.016	-34.195	0.997167	-0.0129552	-0.0371052	-0.0641367	img_PX4__0_1726960303933895100.png
PX4	1726960305247	726.912	-497.84	-34.1868	0.997175	-0.0131375	-0.0366232	-0.0642486	img_PX4__0_1726960305244782300.png
PX4	1726960306635	740.609	-507.211	-34.1934	0.997199	-0.0127136	-0.0362003	-0.0642049	img_PX4__0_1726960306632120400.png
PX4	1726960308050	754.59	-516.774	-34.2063	0.997179	-0.0124515	-0.0366575	-0.064306	img_PX4__0_1726960308045814000.png
PX4	1726960309987	773.69	-529.823	-34.2082	0.99714	-0.013574	-0.0367946	-0.0646051	img_PX4__0_1726960309980275900.png
PX4	1726960311423	787.878	-539.532	-34.2013	0.997139	-0.0128126	-0.0368647	-0.0647284	img_PX4__0_1726960311418434000.png
PX4	1726960312663	800.107	-547.898	-34.1922	0.997133	-0.0132182	-0.0368576	-0.064751	img_PX4__0_1726960312658623300.png
PX4	1726960314135	814.636	-557.832	-34.1791	0.997137	-0.0130974	-0.0368781	-0.0646967	img_PX4__0_1726960314130853900.png
PX4	1726960315369	826.82	-566.162	-34.1736	0.997161	-0.0129147	-0.0365294	-0.0645639	img_PX4__0_1726960315366245600.png
PX4	1726960316714	840.128	-575.268	-34.174	0.99715	-0.0131547	-0.0367251	-0.0645778	img_PX4__0_1726960316711175900.png
PX4	1726960318021	853.016	-584.09	-34.1778	0.997139	-0.0128562	-0.036998	-0.064655	img_PX4__0_1726960318017426700.png
PX4	1726960319455	867.184	-593.783	-34.1768	0.997143	-0.0128604	-0.0367214	-0.0647428	img_PX4__0_1726960319449402200.png
PX4	1726960320822	880.677	-603.007	-34.1728	0.997126	-0.0132568	-0.0370605	-0.0647279	img_PX4__0_1726960320817617600.png
PX4	1726960321915	891.478	-610.388	-34.1662	0.997144	-0.0132049	-0.0366035	-0.0647308	img_PX4__0_1726960321911251100.png
PX4	1726960323093	903.119	-618.349	-34.1547	0.997152	-0.013047	-0.0364712	-0.0647189	img_PX4__0_1726960323089928800.png
PX4	1726960324366	915.691	-626.953	-34.1492	0.997164	-0.0123244	-0.0365253	-0.0646437	img_PX4__0_1726960324362136200.png
PX4	1726960325539	927.282	-634.879	-34.1511	0.997139	-0.0130245	-0.0370062	-0.0646109	img_PX4__0_1726960325535049500.png
PX4	1726960326677	938.523	-642.564	-34.1596	0.997153	-0.0132522	-0.036531	-0.0646146	img_PX4__0_1726960326672707200.png
PX4	1726960327730	948.933	-649.691	-34.1708	0.997158	-0.0130841	-0.0364784	-0.0646022	img_PX4__0_1726960327727175200.png
PX4	1726960328753	959.039	-656.62	-34.1717	0.99714	-0.0133382	-0.0369908	-0.0645457	img_PX4__0_1726960328750875600.png
PX4	1726960329884	970.209	-664.286	-34.17	0.997162	-0.0133513	-0.0365247	-0.0644572	img_PX4__0_1726960329880313300.png
PX4	1726960330845	978.945	-670.227	-34.3414	0.942877	0.181101	0.269692	-0.0738355	img_PX4__0_1726960330843074900.png
PX4	1726960331665	982.554	-672.358	-34.2934	0.917704	0.18779	0.340453	-0.0815247	img_PX4__0_1726960331661430200.png
PX4	1726960332294	982.242	-671.896	-33.6191	0.962072	0.104867	0.241235	-0.0722863	img_PX4__0_1726960332290570400.png
PX4	1726960332925	980.183	-670.433	-32.8277	0.996744	0.0246977	0.0352693	-0.0681732	img_PX4__0_1726960332923080400.png
PX4	1726960333635	977.498	-668.514	-32.1003	0.998829	-0.0142837	-0.0219662	-0.0406774	img_PX4__0_1726960333631234100.png
PX4	1726960334466	975.183	-666.699	-31.3065	0.912728	-0.202313	-0.146144	0.323479	img_PX4__0_1726960334463498900.png
PX4	1726960335392	975.689	-666.6	-30.0096	0.683327	-0.140932	-0.0273105	0.715861	img_PX4__0_1726960335390260400.png
PX4	1726960336575	978.405	-668.162	-28.1071	0.357767	0.134618	0.034429	0.923415	img_PX4__0_1726960336569760800.png
PX4	1726960337688	978.158	-669.176	-26.6858	0.249787	0.109279	-0.0358033	0.961448	img_PX4__0_1726960337685243600.png
PX4	1726960338813	975.756	-668.64	-25.8022	0.368576	-0.0864397	-0.0551771	0.923924	img_PX4__0_1726960338808805600.png
PX4	1726960340260	975.749	-667.578	-24.2866	0.316908	-0.0824065	0.0294046	0.944412	img_PX4__0_1726960340256746000.png
PX4	1726960341649	978.009	-668.052	-22.1126	0.332915	0.0737274	0.0192265	0.939874	img_PX4__0_1726960341645599100.png
PX4	1726960342732	978.23	-668.453	-20.5244	0.327962	0.0646221	-0.00969223	0.942428	img_PX4__0_1726960342729743300.png
PX4	1726960343804	977.192	-668.24	-19.4035	0.337277	-0.0200657	-0.00975529	0.941141	img_PX4__0_1726960343800793200.png
PX4	1726960345065	976.542	-667.95	-18.0111	0.332917	-0.0563123	0.00448567	0.941263	img_PX4__0_1726960345061412300.png
PX4	1726960346521	977.357	-668.272	-15.8073	0.337763	0.0144826	-0.00182172	0.941116	img_PX4__0_1726960346517664800.png
PX4	1726960347691	977.837	-668.443	-13.9933	0.335799	0.038339	-0.00460239	0.941142	img_PX4__0_1726960347687095500.png
PX4	1726960348788	977.532	-668.24	-12.5107	0.337185	0.00605678	0.00400858	0.941411	img_PX4__0_1726960348784500700.png
PX4	1726960349995	977.032	-668.064	-11.0145	0.337478	-0.0272931	0.00675684	0.940913	img_PX4__0_1726960349991358100.png
PX4	1726960351341	977.123	-668.28	-9.07505	0.338101	-0.00921752	-0.00528138	0.94105	img_PX4__0_1726960351338126600.png
PX4	1726960352657	977.539	-668.453	-7.04783	0.338304	0.0185668	-0.00742202	0.940825	img_PX4__0_1726960352653460000.png
PX4	1726960353878	977.558	-668.283	-5.26092	0.337878	0.0107373	0.0048237	0.941116	img_PX4__0_1726960353874502700.png
PX4	1726960355153	977.254	-668.132	-3.54029	0.338409	-0.011247	0.00837827	0.940895	img_PX4__0_1726960355146595800.png
PX4	1726960356423	977.155	-668.285	-1.88683	0.338353	-0.011179	-0.00354403	0.940946	img_PX4__0_1726960356418358200.png
PX4	1726960357605	977.358	-668.447	-0.605337	0.338533	0.00580353	-0.00898895	0.940894	img_PX4__0_1726960357601420800.png
PX4	1726960358703	977.51	-668.382	0.32863	0.338136	0.0114476	-0.000457273	0.941027	img_PX4__0_1726960358699704500.png
PX4	1726960359708	977.449	-668.232	1.00911	0.337745	0.00331873	0.00776037	0.9412	img_PX4__0_1726960359705288900.png
PX4	1726960360715	977.282	-668.191	1.62292	0.338119	-0.00723215	0.00590804	0.941057	img_PX4__0_1726960360711667700.png
PX4	1726960361758	977.201	-668.303	2.32158	0.338067	-0.00889642	-0.00280155	0.941076	img_PX4__0_1726960361753812900.png
PX4	1726960362756	977.288	-668.421	3.04176	0.337741	-4.25541e-05	-0.00760509	0.941208	img_PX4__0_1726960362752563600.png
PX4	1726960363836	977.429	-668.409	3.81443	0.337412	0.0077339	-0.00285881	0.941321	img_PX4__0_1726960363832748900.png
PX4	1726960364681	977.454	-668.314	4.39159	0.337287	0.00627515	0.00293155	0.941376	img_PX4__0_1726960364678013200.png
PX4	1726960365542	977.388	-668.228	4.96738	0.337318	-0.000352249	0.00691457	0.941365	img_PX4__0_1726960365537340900.png
PX4	1726960366536	977.302	-668.231	5.51017	0.336994	-0.00644324	0.00326423	0.941479	img_PX4__0_1726960366533099000.png
PX4	1726960367398	977.324	-668.241	5.51221	0.335939	-0.00471024	-0.00174793	0.94187	img_PX4__0_1726960367395007900.png
PX4	1726960368221	977.336	-668.234	5.55583	0.336959	0.00101998	-0.0018174	0.941517	img_PX4__0_1726960368217539500.png
PX4	1726960369079	977.362	-668.255	5.9129	0.337919	0	0	0.941175	img_PX4__0_1726960369076941700.png
PX4	1726960369853	977.362	-668.255	5.9129	0.337919	0	0	0.941175	img_PX4__0_1726960369849810900.png
PX4	1726960370588	977.362	-668.255	5.9129	0.337919	0	0	0.941175	img_PX4__0_1726960370585259600.png
PX4	1726960371403	977.362	-668.255	5.9129	0.337919	0	0	0.941175	img_PX4__0_1726960371400437100.png
PX4	1726960372177	977.362	-668.255	5.9129	0.337919	0	0	0.941175	img_PX4__0_1726960372174720400.png
PX4	1726960373088	977.362	-668.255	5.9129	0.337919	0	0	0.941175	img_PX4__0_1726960373084631300.png
